-135
-84
29
75
5
-1
-76
4
167
55
17
66
103
-46
-61
7
-78
-11
2
26
11
26
13
109
14
-49
-57
-16
-25
52
-112
-23
0
39
-47
-76
59
32
-6
-63
114
-77
-105
29
-44
37
93
83
175
55
6
6
111
44
53
-5
-7
31
-59
-55
-99
46
-103
-82
93
-61
-59
-107
157
-80
90
26
166
-43
72
-11
24
78
15
81
-53
-12
-12
30
-84
4
24
63
-180
59
53
121
-31
-55
-119
-110
174
72
89
-71
-20
55
98
106
160
75
15
12
163
-45
102
11
-140
-12
106
72
-71
-7
100
-67
23
1
-108
-98
-57
67
-77
66
-94
41
-7
40
-154
-28
-29
11
13
4
43
-38
167
-82
74
61
150
-60
93
119
-84
-49
63
5
179
23
36
108
86
52
20
-107
