25
122
21
60
26
89
79
85
101
55
106
1
81
98
72
48
36
84
104
35
156
56
103
90
277
174
47
116
193
135
52
68
209
116
10
66
221
171
24
20
127
51
33
56
356
15
82
13
285
177
5
35
168
4
75
93
304
81
88
12
42
125
19
65
318
55
52
71
165
7
96
18
97
121
115
18
15
69
91
85
109
48
18
68
253
24
10
69
13
59
85
20
86
17
6
81
47
133
70
84
236
15
80
93
74
161
2
98
33
83
88
57
257
4
98
104
197
108
102
92
78
156
67
16
125
111
112
21
224
50
2
37
294
9
3
27
223
71
42
99
42
52
57
71
221
41
55
26
107
36
13
65
330
147
57
97
195
93
49
73
