13
11
102
13
185
43
89
90
132
12
7
88
133
9
106
93
72
79
32
34
244
153
115
77
291
140
31
122
335
56
87
73
205
109
61
84
254
90
104
1
161
1
35
59
258
134
118
85
270
24
63
16
226
150
88
22
46
37
37
91
356
133
98
6
129
84
17
94
202
32
5
86
217
45
102
83
203
81
111
7
297
101
29
98
289
103
119
91
322
55
68
62
72
18
2
87
76
41
14
30
217
34
15
70
33
146
65
46
2
7
76
84
109
42
112
52
181
0
31
97
181
73
107
31
225
97
61
62
83
21
56
41
118
117
57
79
158
119
87
122
15
105
90
106
249
156
24
119
70
107
25
26
353
59
92
24
116
157
117
68
