-81.25011593
38.52170322
0
0.75
-81.2505754
38.52154337
0
0.75
-81.25112095
38.52135178
0
0.75
-81.25148506
38.52121646
0
0.75
-81.25188103
38.52106103
0
0.75
-81.25222185
38.52091717
0
0.75
-81.25254961
38.52076361
0
0.75
-81.25319198
38.52040474
0
0.75
-81.25346382
38.52021857
0
0.75
-81.25371306
38.52002048
0
0.75
-81.25393746
38.51981014
0
0.75
-81.25413471
38.51958747
0
0.75
-81.25430242
38.51935014
0
0.75
-81.25443677
38.51910621
0
0.75
-81.25453876
38.51884637
0
0.75
-81.25460199
38.51857993
0
0.75
-81.25462745
38.5183088
0
0.75
-81.25461902
38.51802578
0
0.75
-81.25458099
38.51774078
0
0.75
-81.25451709
38.51745136
0
0.75
-81.25443638
38.51715755
0
0.75
-81.25434646
38.51685937
0
0.75
-81.25425679
38.51655703
0
0.75
-81.2541694
38.51625084
0
0.75
-81.25409812
38.51594136
0
0.75
-81.25404914
38.515633
0
0.75
-81.25402951
38.51531777
0
0.75
-81.25404533
38.51501096
0
0.75
-81.25410075
38.51470541
0
0.75
-81.25419369
38.51440303
0
0.75
-81.25433627
38.51407848
0
0.75
-81.25449042
38.51379295
0
0.75
-81.25466288
38.51351761
0
0.75
-81.25486947
38.51321775
0
0.75
-81.25505729
38.51295396
0
0.75
-81.25528878
38.51262935
0
0.75
-81.25550629
38.51230779
0
0.75
-81.25569914
38.51198691
0
0.75
-81.2558718
38.51163037
0
0.75
-81.25598423
38.51130721
0
0.75
