171
64
34
86
96
115
15
24
232
28
38
56
275
173
45
45
209
173
59
36
48
136
26
70
188
3
24
69
346
36
37
54
236
50
112
110
14
13
16
82
184
6
24
99
47
30
106
66
354
171
26
115
331
30
24
89
50
127
21
30
157
102
29
55
307
157
99
59
21
86
40
62
299
146
96
12
201
74
54
44
59
119
71
0
356
66
63
60
29
33
93
41
325
159
28
117
286
135
117
32
132
66
59
62
225
127
12
12
140
18
19
90
96
146
10
96
357
41
56
59
128
56
49
108
261
179
74
117
212
150
37
100
167
32
122
98
65
12
47
35
96
74
11
121
9
4
7
11
288
81
118
69
106
83
111
6
349
108
96
77
